[Amount in =]

fF Depreciation for the Year Net Block

Depreciation Opening
Balance

8,927

1,38,655

94,08,563

1,28,20,289

2,86,11,781

1,03,86,563

4,63,014

19,57,641

6,37,95,433

8,927

1S3 173:
99,07,995
42,61,431
1,22,00,318
45,52,432
3,24,396
9,97,890

3,24,36,562

- 17,854
- 3,21,828
- 193 16,558
- 1,70,81,720
- 4,08,12,099
- 1,49,38,995
- 7,87,410
= 29) 55.031
- 9,62,31,995

1,46,37,84,950

4,28,521
33,41,641
10,45,33,385
S1O7FS7, 355
2,05,60,560
4,57,60,098
24,56,550
70,23,364
22,38,41,484
60,29,88,322

Depreciation for Deductions/ —_
Rajustment Total Depreciation 31.03.2017 31.03.2016

4,37,448
26,34,449
7,28,70,038
4,06,80,320
3,14,51,944
4,30,51,664
10,80,366
80,21,254

20,02,27,483

Depreciation Opening Amortization for Deductions/ Total Amortization / Balance as on Balance as on
Balance the Year Adjustments Adjustments 31.03.2017 31.03.2016

1,65,97,446

837277332
1,99,24,778
8,37,20,211

91,77,875

72,46,279
1,64,24,154
4,88,60,716

2,57,75,321
= 105, 737611
- 3,63,48,932
- 13,25,80,927

57,60,300
79,23,086
1,36,83,386
1,70,13,09,820

77,14,303
49,90,997
1,27,05,300
81,59,21,105

Annual Report 2016-17 | 91

