Depreciation for the Year

(Amount in %)

Net Block

“Depreciation Opening } Depreciation for the | Deductions/ Total Depreciation 31.03.2018 31.03.2017
Balance” Year Adjustment

17,854

321,828
INS) SUG, 5151s)
17,081,720
40,812,099
14,938,995

787,410

2,955, 53

96,231,995

8,928

260,856
12,761,443
4,261,431
16,776,020
4,697,615
324,396

IL SUS) S15)

40,410,240

26,782

582,684
32,078,001
21,343,151
57,588,119
19,636,610

1,111,806
4,275,082

136,642,235

419,593

4,634,445
127,440,038
35,475,934
26,291,982
42,998,256
2,132,154
8,920,431

248,312,834
1,964,989,274

428,521

3,341,641
104,533,385
39,737,365
20,560,560
45,760,098
2,456,550
7,023,364

223,841,484
1,463,784,950

Depreciation Opening | Amortization for the | Deductions/ Total Amortization Balance as on Balance as on
Balance Year Adjustments / Adjustments 31.03.2017 31.03.2016

25,775,321
10,573,611
36,348,932
132,580,927

21,785,966
13,072,773
34,858,739
75,268,979

47,561,287
23,646,384
71,207,671
207,849,906

6,903,629
9,035,549
15,939,178
2,229,241,286

5,760,300
7,923,086
13,683,386
1,701,309,820

Annual Report 2017-18 | 105
